178
84
225
188
175
108
145
96
159
227
129
38
180
153
19
64
210
228
10
11
186
252
19
143
6
221
108
84
120
74
16
45
255
75
17
237
65
120
214
71
56
77
21
211
245
105
1
252
72
146
187
132
199
186
148
210
245
108
66
65
210
163
65
38
186
123
227
53
144
50
229
110
123
58
230
200
4
173
215
66
218
107
137
80
87
186
171
75
134
203
241
104
114
167
93
146
22
80
217
243
100
34
136
218
229
107
138
148
127
123
7
95
23
218
184
215
49
41
154
19
153
241
50
150
106
166
45
64
91
234
74
103
245
181
65
86
94
149
77
79
63
202
11
3
167
130
36
97
6
91
65
40
30
254
121
41
179
161
56
201
153
74
244
228
137
234
185
218
143
131
176
201
114
62
126
187
138
243
11
52
71
230
195
162
91
209
37
138
43
223
115
74
192
223
149
86
206
108
3
125
250
18
135
223
175
115
126
135
0
232
125
38
247
0
209
192
210
98
97
37
91
3
126
108
229
176
58
40
152
74
43
52
71
57
108
55
209
195
112
13
40
149
85
135
210
179
115
150
40
71
3
73
108
232
74
247
57
190
108
55
232
115
68
152
126
85
132
74
31
112
3
149
91
55
220
223
125
18
98
108
55
235
57
98
97
31
71
232
125
37
132
74
43
55
13
247
3
152
125
17
206
135
3
125
250
18
97
249
98
86
206
190
132
175
112
14
189
38
244
74
38
249
98
190
97
38
250
43
220
0
55
209
40
152
73
135
13
40
161
250
18
108
223
68
112
52
73
98
97
17
18
135
210
108
58
43
210
85
179
74
28
57
189
17
249
132
152
175
125
195
74
244
112
232
175
149
190
138
247
13
205
28
220
232
161
38
244
74
18
108
209
31
71
57
85
137
98
176
57
132
149
179
73
88
161
18
108
232
73
190
179
125
31
175
161
195
126
111
175
149
179
126
189
31
74
250
17
17
250
205
40
71
0
52
162
86
17
247
209
250
249
85
132
162
132
71
3
68
74
244
150
31
68
71
232
71
229
190
85
91
209
192
210
176
14
97
249
108
13
205
247
58
195
112
58
244
162
135
3
125
28
3
150
37
86
249
111
125
31
162
190
97
195
126
108
235
223
175
175
71
209
37
135
230
247
220
223
150
17
18
111
152
161
28
229
108
14
98
176
235
223
73
189
206
86
249
86
18
98
108
209
37
190
176
210
25
36
156
18
229
84
131
63
127
191
9
158
217
18
157
254
59
184
236
137
240
209
178
6
108
35
13
247
223
155
3
125
38
244
68
71
220
14
190
85
137
85
98
85
176
223
175
150
40
175
115
125
31
152
149
86
206
98
98
108
230
43
220
223
149
176
232
115
162
189
192
58
250
43
13
206
56
20
6
225
78
149
21
8
18
17
103
101
79
62
246
90
241
162
208
90
27
113
97
51
100
239
235
120
211
66
161
79
225
41
80
169
26
95
95
103
155
126
131
116
78
226
230
5
231
57
33
209
30
14
1
108
197
3
71
0
58
38
195
71
230
31
68
115
68
112
220
3
125
195
115
74
249
138
244
71
229
190
86
37
138
244
161
37
179
161
205
40
112
52
161
195
162
137
179
74
195
126
190
138
247
230
37
86
18
137
108
232
126
135
13
17
195
71
229
86
195
125
31
68
112
209
31
115
161
244
149
132
149
138
249
111
162
137
86
28
14
137
135
55
230
38
205
38
250
192
52
150
249
190
111
125
195
152
115
115
150
192
230
192
3
74
43
235
52
236
44
66
179
6
100
129
135
148
115
244
103
248
26
136
229
36
43
186
76
198
203
104
144
254
135
215
243
229
203
76
122
26
66
249
254
214
150
130
109
124
197
10
171
103
74
65
185
141
5
13
248
132
54
39
111
243
79
198
162
73
123
57
40
165
154
8
61
216
245
234
164
184
133
112
145
23
86
221
61
240
19
221
233
6
59
168
233
46
58
112
201
127
12
233
98
189
91
130
191
32
143
2
66
125
214
252
248
206
35
194
42
112
246
53
233
150
191
103
97
220
238
227
221
73
241
192
57
105
136
179
1
119
240
53
7
46
61
97
70
75
186
160
57
202
69
58
238
112
11
19
168
161
29
110
90
4
64
132
198
226
220
185
101
123
91
210
120
115
192
99
40
218
96
162
144
179
117
11
97
121
16
2
167
128
232
136
15
53
53
55
125
54
13
83
5
204
193
191
155
84
80
128
179
96
88
18
238
228
24
32
91
118
20
227
26
189
227
55
138
170
232
217
7
14
100
181
236
128
214
207
213
137
136
146
239
179
13
43
55
13
18
190
176
58
250
247
220
3
172
57
111
71
57
190
85
135
58
249
85
108
3
161
28
220
230
244
125
247
13
18
98
97
247
235
235
58
43
210
138
28
223
112
229
86
28
57
88
73
85
190
86
244
155
210
135
235
57
97
195
161
247
13
37
111
149
86
40
74
31
74
28
13
250
40
73
91
235
52
112
209
17
18
138
249
135
209
247
3
162
111
172
232
112
52
112
232
149
108
220
55
14
138
205
249
138
37
85
190
135
229
91
58
17
205
247
223
73
98
190
111
125
28
209
244
175
161
192
220
14
88
152
172
229
132
150
17
17
247
210
108
220
52
73
176
223
115
115
73
132
74
40
152
126
88
149
176
3
126
88
152
150
31
112
58
206
98
97
28
230
31
125
38
206
97
249
176
235
223
73
85
176
235
230
31
74
205
18
88
68
162
108
13
18
85
189
192
220
229
176
13
247
13
249
88
152
74
37
91
229
108
235
230
205
206
91
13
205
17
249
176
229
138
206
132
150
31
175
74
18
85
138
249
138
195
152
155
230
38
38
206
88
152
71
223
149
179
155
0
14
111
74
31
172
220
210
190
176
3
73
137
85
176
14
132
112
57
189
38
206
88
74
195
71
58
247
210
98
97
17
192
14
111
155
209
247
52
126
97
38
38
249
176
0
210
179
126
97
28
209
195
115
152
74
38
244
161
192
55
55
0
220
55
235
58
38
205
40
155
210
111
74
244
73
98
132
162
88
125
249
108
57
190
91
0
58
206
189
28
232
161
250
192
209
205
31
112
210
190
137
132
112
210
138
195
73
111
115
112
0
13
17
249
108
0
230
28
220
220
0
229
190
132
126
132
126
137
137
88
126
138
192
232
68
126
176
52
155
235
235
3
162
85
111
162
132
71
52
112
220
0
210
190
138
192
52
172
3
125
38
38
38
247
3
172
13
192
52
162
137
138
195
71
230
206
179
161
18
88
150
206
190
137
108
209
17
17
38
28
232
175
112
57
176
230
250
247
210
132
150
43
220
0
232
74
43
229
88
68
172
223
172
220
223
125
38
37
98
190
144
64
148
78
78
139
213
39
45
67
224
136
38
214
183
202
243
68
80
90
29
86
102
141
67
90
31
87
108
36
100
8
74
152
52
173
243
78
92
95
41
207
39
73
32
106
128
137
208
98
22
54
56
87
241
131
160
176
42
173
114
191
158
94
68
1
108
151
181
165
150
109
178
205
80
107
202
158
240
168
31
40
134
199
208
38
197
68
122
102
59
128
139
156
215
109
89
215
40
212
40
157
202
137
158
127
157
154
18
218
125
157
14
156
109
107
141
150
34
171
234
193
130
245
194
255
251
54
174
183
182
202
151
35
71
105
235
177
37
149
140
203
237
101
20
55
0
223
71
55
230
247
230
28
210
88
68
125
249
189
40
71
14
86
192
220
220
13
250
40
74
18
137
91
209
37
190
135
55
52
112
52
161
195
152
68
74
250
250
28
232
71
14
132
161
195
149
132
73
138
43
13
247
58
247
0
220
55
209
31
172
14
135
209
40
149
190
135
230
244
155
52
149
189
31
155
229
189
249
135
223
125
192
58
17
28
0
220
223
152
112
58
205
195
74
206
138
206
108
52
73
85
179
172
14
97
192
210
176
13
17
17
40
73
189
18
85
111
150
244
150
247
55
0
3
74
43
223
73
98
132
161
244
175
74
250
40
162
189
43
232
68
112
58
18
91
209
31
150
37
176
209
28
3
149
189
28
220
58
43
57
88
112
13
250
43
52
71
55
57
97
250
250
206
98
108
0
220
210
111
155
232
73
138
40
68
175
152
73
189
28
232
71
13
28
223
152
155
209
28
223
175
150
249
85
111
152
175
161
195
125
40
161
249
88
175
152
112
230
31
155
58
40
74
18
108
232
175
74
205
205
17
18
86
17
43
3
172
13
37
132
155
13
37
85
85
98
190
138
17
38
18
137
98
138
43
209
31
73
189
206
135
57
138
31
150
18
98
179
125
244
175
68
172
235
235
210
86
40
74
244
115
71
205
204
101
162
24
138
57
100
83
239
178
198
238
141
46
164
102
65
158
186
206
51
18
118
112
141
76
254
95
21
106
62
108
187
135
21
72
191
148
104
83
49
69
216
72
243
67
98
57
80
224
52
148
55
3
129
251
209
21
167
209
239
2
57
57
246
33
135
137
196
127
234
2
75
8
218
1
71
119
147
149
147
73
180
34
241
217
198
109
8
14
163
6
208
98
79
180
7
217
55
149
155
153
165
229
184
177
163
166
172
130
195
38
218
35
100
171
198
61
102
160
171
149
131
205
173
241
215
118
8
160
98
247
85
10
38
142
177
63
23
180
227
123
6
13
198
217
51
249
214
185
3
102
52
96
180
2
26
181
99
50
230
233
224
74
225
2
227
7
161
148
185
137
47
209
84
1
210
147
167
88
252
249
78
144
213
137
237
91
220
94
131
11
187
10
61
13
190
125
115
64
116
185
59
222
21
235
235
58
244
161
205
195
172
220
209
206
111
74
247
52
126
86
37
98
189
43
58
38
38
28
232
125
38
17
247
58
250
247
3
175
150
18
97
43
230
206
190
179
125
249
138
249
176
220
232
71
235
229
86
244
149
179
68
74
17
206
86
250
43
210
98
108
57
179
68
71
220
210
85
111
71
58
28
52
126
190
179
71
52
152
172
55
220
229
190
135
14
138
205
206
111
68
112
230
192
14
135
223
71
14
137
176
14
108
3
149
98
88
115
115
68
161
249
88
115
150
37
176
13
206
111
126
111
149
138
205
195
172
57
108
223
155
55
57
85
86
17
192
13
247
210
176
220
232
161
192
3
71
57
137
137
111
126
111
68
175
126
135
223
162
135
13
205
37
179
152
175
155
58
250
40
112
220
0
230
17
206
176
58
40
112
58
205
247
229
98
135
0
57
88
175
126
137
111
68
175
162
111
175
161
244
150
244
162
108
210
179
161
206
97
250
17
43
220
13
43
14
189
250
40
161
205
206
138
247
209
18
91
58
206
88
74
250
17
192
209
18
111
68
172
14
91
232
161
40
149
179
152
73
137
138
192
220
209
192
58
205
37
137
132
68
112
209
205
250
28
230
18
179
126
85
179
73
98
135
230
206
137
98
176
58
192
232
155
58
40
175
126
190
85
111
152
74
18
111
112
14
138
250
206
135
58
192
210
135
0
13
195
161
18
132
74
206
190
189
38
250
38
31
150
192
55
209
38
195
112
13
38
206
176
57
97
195
175
71
210
111
172
223
125
37
88
115
68
71
0
3
152
125
31
126
97
249
132
172
229
91
229
111
71
230
31
112
232
68
172
223
150
40
68
162
88
155
52
150
28
14
176
210
98
98
176
209
206
88
112
232
162
86
249
88
73
190
135
0
57
135
210
111
126
98
88
150
195
68
209
222
32
210
13
255
52
112
49
61
222
58
171
27
101
130
219
109
92
91
6
255
113
214
1
219
161
118
30
190
162
104
93
18
36
174
20
110
159
189
16
81
223
181
77
140
14
202
225
107
22
206
165
65
88
207
162
217
158
175
49
186
123
92
60
15
219
114
39
235
244
63
36
225
126
165
172
102
250
40
130
197
236
249
45
48
82
103
114
29
153
111
45
47
133
19
87
111
204
61
111
152
4
194
31
62
119
161
157
40
203
107
250
145
178
217
158
124
161
48
134
176
212
32
111
11
232
7
196
90
20
47
39
68
191
129
91
73
105
58
64
27
184
146
191
176
78
248
240
171
38
8
109
80
39
184
136
2
164
64
80
253
101
244
170
253
199
215
134
174
223
173
90
18
211
70
59
191
27
51
105
20
23
97
4
231
116
192
110
168
87
178
163
40
186
228
127
217
48
30
46
203
71
86
177
164
210
231
69
55
232
150
205
192
232
125
192
232
149
85
190
135
57
176
14
179
126
88
152
150
206
97
17
18
179
162
138
244
172
13
40
162
138
40
68
155
52
162
176
58
37
85
137
179
152
74
192
3
152
162
97
195
73
138
195
150
18
86
17
205
250
28
52
152
115
125
205
247
209
38
195
71
58
38
31
149
98
88
115
112
52
115
152
149
98
132
71
232
172
235
0
230
43
209
38
195
74
18
179
74
43
230
17
244
71
3
68
172
235
229
97
205
40
175
175
150
17
37
190
179
162
97
249
98
132
155
14
91
0
229
88
162
137
189
205
249
86
18
85
135
14
85
189
247
230
195
73
86
17
244
161
43
58
250
37
97
205
28
220
13
43
52
150
43
229
111
125
40
126
176
52
125
250
249
137
189
195
152
175
175
74
37
189
40
125
37
108
52
115
126
132
73
138
37
91
235
14
88
74
37
111
172
0
55
235
13
195
149
190
86
249
137
97
195
175
152
125
28
235
210
138
18
85
97
31
115
162
189
40
175
175
150
249
91
209
195
126
176
220
58
18
176
232
71
13
192
58
37
176
210
86
28
0
57
91
55
52
161
195
71
13
37
189
249
135
55
210
85
108
3
68
162
135
223
74
31
126
97
247
0
3
162
98
108
223
125
18
85
98
176
55
230
37
108
229
176
209
18
189
250
192
220
58
40
68
112
13
249
98
108
220
220
0
13
17
247
55
0
52
112
229
88
74
244
149
135
209
17
37
88
155
57
88
73
108
58
17
38
40
149
97
40
68
161
195
125
40
126
135
58
206
98
98
85
179
162
190
190
138
31
115
71
3
73
138
195
112
55
230
249
137
135
235
0
58
38
17
28
52
73
98
189
17
206
189
28
210
97
38
247
57
85
88
175
126
176
3
150
205
38
43
210
135
57
132
74
18
179
161
247
232
125
38
249
135
52
126
137
106
208
164
188
64
128
249
200
160
232
147
216
160
26
165
211
131
143
205
133
44
33
231
20
117
180
141
235
156
170
233
241
168
52
44
178
231
66
201
198
227
160
226
253
71
128
243
74
194
201
40
78
71
8
108
243
157
167
228
109
97
184
97
183
254
28
49
183
216
161
150
195
251
64
141
19
133
238
3
201
46
182
19
23
44
244
120
129
201
88
106
150
173
129
26
31
91
189
193
228
48
97
139
72
185
236
30
232
112
209
247
210
91
55
0
220
0
229
111
155
220
209
192
230
28
223
126
88
172
209
192
3
161
17
244
152
126
108
14
108
229
91
232
172
52
125
43
13
195
150
249
179
71
57
132
162
135
220
232
150
18
111
155
209
17
38
31
149
179
161
28
14
135
13
43
210
189
38
249
135
13
43
223
155
58
38
206
97
192
230
205
37
88
71
57
108
0
229
190
135
209
43
13
43
223
125
28
55
230
247
57
176
220
58
43
229
190
111
152
161
249
86
247
58
40
74
195
162
108
58
195
162
137
85
86
195
155
14
179
162
137
88
172
209
195
175
74
43
14
85
98
135
0
220
232
115
126
108
52
150
38
192
14
91
223
125
38
18
138
195
126
179
73
189
43
229
135
57
108
220
3
155
223
68
172
58
17
31
74
17
40
172
3
115
161
195
149
132
162
98
88
155
3
150
247
14
176
58
195
172
210
135
220
210
111
150
43
3
150
63
106
142
81
87
41
123
196
227
241
129
132
216
240
249
125
135
254
153
178
113
37
115
137
217
113
235
233
181
134
134
144
220
12
109
197
144
17
231
89
30
224
126
160
151
76
5
184
54
212
230
209
159
31
47
207
253
73
217
9
78
34
6
66
58
17
28
230
244
115
68
73
189
31
73
98
91
55
230
206
85
179
172
3
172
55
232
172
229
176
229
111
73
88
172
57
85
86
31
175
162
189
249
179
125
244
73
190
108
223
152
175
73
179
150
18
86
31
162
132
172
58
28
58
31
112
232
155
0
235
58
40
155
52
175
112
3
115
150
249
132
175
115
150
38
192
57
86
17
192
223
73
135
235
0
52
162
108
14
138
40
71
230
250
40
115
175
149
179
149
189
37
91
229
85
88
71
223
152
175
112
223
71
230
205
205
192
58
247
13
141
110
98
245
38
203
150
89
50
123
126
49
10
73
147
239
56
10
22
73
75
54
55
38
167
32
2
171
142
70
242
233
38
40
178
112
52
199
180
66
111
113
8
0
87
103
242
180
48
77
18
187
189
63
145
160
22
192
235
22
225
157
147
222
225
26
15
180
5
67
159
49
219
228
24
69
222
109
153
48
128
118
28
200
163
6
148
251
15
4
197
111
13
196
71
170
127
20
10
226
202
14
199
136
143
228
115
14
189
116
19
153
204
221
161
178
79
116
168
104
103
78
88
50
43
91
248
49
38
226
22
206
44
169
116
171
33
57
104
2
112
35
58
38
250
205
37
132
125
250
43
210
111
74
244
175
126
189
249
98
137
86
206
179
112
209
247
223
175
126
86
37
190
108
0
209
195
74
247
223
71
210
190
138
206
137
189
250
17
249
189
192
0
13
17
18
108
230
247
58
37
189
38
31
125
250
205
28
210
189
249
176
14
135
235
57
98
135
55
13
250
37
137
179
112
220
0
0
52
73
138
249
85
189
18
135
14
176
55
232
115
125
18
98
98
88
126
85
111
115
161
192
3
74
43
0
230
18
179
74
38
195
175
152
175
126
88
150
38
195
115
161
192
229
98
135
0
52
71
14
111
149
190
179
152
162
86
247
3
172
55
52
152
150
250
40
175
175
126
176
220
0
57
138
195
155
235
220
209
206
176
58
31
71
229
98
176
229
176
55
235
52
74
37
176
232
155
55
55
57
97
17
249
85
179
71
0
209
38
205
43
209
192
230
43
57
108
220
220
229
86
247
57
190
176
230
18
88
73
135
3
126
111
175
155
235
232
152
161
195
162
189
247
229
137
135
209
28
58
28
58
249
135
230
244
172
14
189
205
18
132
162
85
108
14
179
125
250
38
205
195
74
43
230
205
43
209
31
73
135
209
18
189
195
126
111
74
28
0
13
249
176
13
206
26
129
207
147
248
223
47
89
12
9
208
29
244
143
91
41
61
246
158
81
24
225
8
105
63
61
143
220
3
155
229
111
126
85
108
232
149
189
37
132
175
112
235
0
223
152
112
3
152
149
135
220
229
132
162
189
31
126
88
149
138
31
150
244
115
115
172
230
195
112
220
58
31
126
85
190
88
172
229
80
149
174
125
221
173
51
32
129
236
235
117
45
200
245
158
142
220
3
10
246
167
146
132
37
208
213
51
124
60
177
115
233
95
24
91
183
178
10
254
164
89
92
191
156
33
28
202
223
141
143
209
64
27
64
14
244
11
164
225
103
2
19
20
161
129
139
207
120
156
240
223
200
115
64
31
84
224
240
136
124
223
68
161
38
249
88
152
152
161
40
126
190
189
192
220
3
150
43
230
18
137
132
125
40
155
220
229
132
175
150
28
230
40
155
0
14
176
209
37
138
17
249
111
125
28
55
13
244
152
112
232
68
126
190
137
91
14
91
210
179
73
190
86
31
68
149
179
172
52
162
98
137
98
189
192
209
37
86
17
247
52
175
68
155
210
85
111
155
13
195
115
155
235
209
40
149
108
232
172
229
88
115
71
0
3
162
135
0
0
230
37
135
0
210
97
247
230
195
74
249
176
13
195
126
179
71
209
195
172
3
172
210
91
229
137
108
223
155
229
176
232
149
91
220
57
190
135
0
3
149
132
71
230
192
229
176
220
220
57
91
83
249
73
102
201
63
54
177
134
191
179
54
131
247
171
10
13
40
168
248
88
128
10
137
213
254
142
213
182
1
55
194
148
167
122
225
90
84
52
186
248
48
222
13
57
146
56
3
210
229
185
35
85
174
157
234
14
148
48
219
209
14
148
115
63
194
114
143
93
14
182
121
13
238
105
72
132
162
123
147
2
119
179
185
229
111
71
223
74
250
43
223
126
85
190
138
18
179
172
58
18
85
98
190
190
138
28
14
85
137
97
18
176
209
192
232
125
28
209
28
229
108
52
172
220
0
0
209
28
223
152
68
149
86
28
230
40
68
162
138
192
3
126
137
91
13
31
71
209
249
137
97
38
195
68
161
244
71
14
135
210
97
37
108
14
176
232
150
192
232
126
111
175
125
206
108
0
14
88
125
38
244
162
111
125
206
132
68
161
38
31
152
150
17
192
230
31
71
14
176
232
162
88
115
112
230
31
71
57
190
190
85
91
13
249
189
28
229
132
152
112
230
18
138
249
111
112
232
150
38
250
31
71
220
220
55
209
205
249
98
111
126
176
13
249
137
98
190
98
111
191
240
185
104
152
245
209
41
3
41
232
141
132
221
143
219
151
162
29
243
54
22
161
129
83
235
14
158
67
153
8
161
61
233
11
30
83
9
176
246
115
147
251
173
176
54
213
67
203
219
232
233
125
64
94
234
93
178
136
55
22
66
165
17
62
167
219
87
218
56
105
226
249
87
215
108
140
0
93
21
231
75
248
117
190
136
207
178
115
135
176
106
118
19
230
39
225
129
180
135
158
157
169
3
203
56
127
76
170
160
238
149
181
165
41
106
244
50
106
125
27
101
83
129
112
184
97
154
5
201
159
219
165
196
120
254
194
51
2
90
30
239
125
210
122
50
210
225
238
214
143
52
5
230
162
72
228
200
31
31
0
170
156
224
22
84
39
121
73
221
71
236
68
209
63
88
133
25
29
87
196
46
113
128
52
115
96
165
57
62
186
85
229
176
210
111
74
28
223
172
229
132
152
115
125
31
112
14
189
31
150
28
220
232
172
55
232
152
172
229
88
162
111
73
97
205
195
152
149
190
190
138
195
74
17
195
172
3
68
126
86
18
176
230
31
150
247
14
111
175
112
220
209
195
126
88
150
31
112
210
179
150
244
126
176
223
162
176
229
138
249
190
111
126
85
98
97
40
162
176
14
138
40
68
71
14
91
210
88
162
86
28
230
31
73
88
71
0
52
150
38
17
244
152
162
189
28
220
14
137
179
74
247
13
17
244
115
115
126
86
17
249
88
162
132
73
88
161
206
108
58
31
150
205
37
111
68
73
88
73
138
43
220
235
0
0
52
152
115
68
150
249
135
210
85
108
57
132
162
86
28
220
235
229
98
189
249
190
108
57
98
176
58
17
249
138
195
126
86
250
205
249
86
195
172
3
162
135
220
57
111
150
31
152
161
31
112
14
91
210
190
108
57
85
135
235
209
17
17
192
230
38
31
68
162
132
161
244
125
31
74
17
37
135
14
189
250
17
249
88
115
162
138
244
68
126
108
3
73
176
210
108
58
195
175
161
192
52
155
223
175
149
88
162
97
244
155
55
57
108
229
86
43
13
206
190
176
13
244
161
195
150
38
37
137
88
152
125
249
97
206
189
40
125
38
195
150
38
40
74
28
229
190
135
0
52
150
250
17
205
247
220
230
247
235
220
3
149
179
149
176
0
209
17
31
155
230
192
3
74
244
71
13
249
137
111
71
223
152
152
71
57
86
43
55
55
232
115
126
85
132
172
220
52
115
175
115
152
68
73
91
55
13
38
249
179
172
0
14
135
57
190
138
192
209
244
126
111
126
86
18
97
244
68
237
80
59
168
223
249
24
149
235
105
11
29
159
196
209
244
238
33
101
7
202
235
222
246
19
155
252
202
66
209
198
235
67
253
132
80
242
235
144
171
186
22
57
111
174
155
161
176
63
160
238
108
161
45
252
248
156
116
244
46
30
148
140
225
100
169
13
71
179
17
171
132
98
77
2
118
127
131
191
25
11
79
161
92
56
171
25
138
216
165
0
186
157
140
168
132
190
115
12
70
232
9
20
128
194
178
75
70
182
169
25
123
137
35
23
236
138
237
53
163
51
166
212
127
66
28
19
154
43
54
237
188
144
89
152
187
37
95
55
8
57
74
149
179
120
221
96
103
1
53
132
198
169
227
168
252
20
42
159
49
70
176
250
113
168
155
167
209
199
236
198
166
21
141
160
70
31
164
211
40
143
244
13
209
71
43
96
209
58
59
202
85
132
205
135
59
150
140
3
170
127
55
105
186
216
144
175
161
28
171
0
122
246
254
133
229
146
48
55
146
210
91
104
125
172
134
115
212
131
3
81
55
111
199
112
172
78
239
52
112
14
98
97
28
232
149
85
111
115
172
223
68
150
18
138
31
112
210
179
152
175
149
91
55
232
115
149
135
230
38
205
195
74
244
112
57
91
209
38
18
88
150
37
138
195
126
111
162
85
91
235
209
247
13
40
115
155
58
38
18
135
14
85
88
172
55
52
112
229
189
38
18
111
112
209
18
98
97
195
74
206
111
74
37
97
38
31
162
97
195
162
176
14
85
97
192
230
38
250
43
209
195
125
40
149
91
229
108
223
155
57
135
229
135
13
38
195
150
31
71
220
235
230
195
74
247
209
31
112
232
71
57
98
190
179
115
161
18
108
55
58
205
247
232
112
13
249
138
249
85
108
14
98
85
179
175
112
210
135
229
97
195
68
155
14
108
209
18
179
175
172
209
40
172
209
244
112
0
210
97
31
152
172
235
209
28
220
55
210
86
249
190
176
235
55
58
38
28
0
223
115
71
220
0
235
13
18
189
247
210
135
58
18
138
17
31
115
175
73
98
108
223
125
206
179
73
86
43
220
209
38
40
126
132
161
206
190
190
97
250
40
71
57
85
135
13
195
155
3
126
111
161
205
18
190
138
38
40
162
91
223
112
52
175
175
172
210
98
189
244
68
149
190
137
176
220
14
111
71
209
31
68
162
190
137
108
232
152
74
192
58
249
176
3
126
132
172
55
235
58
17
31
150
206
97
28
229
91
3
71
13
17
31
149
190
179
71
58
18
176
229
97
249
179
161
28
223
162
97
249
88
115
155
57
86
43
235
58
17
250
195
68
172
232
161
192
55
58
195
149
97
247
232
126
189
28
220
229
85
135
0
232
152
115
71
57
189
18
138
192
232
115
126
97
206
98
91
209
244
68
172
55
235
232
172
57
190
98
111
74
28
235
0
14
97
17
249
85
190
137
138
31
162
97
40
172
223
112
209
37
97
195
115
155
209
18
176
0
57
97
37
138
37
86
28
52
150
244
175
125
206
176
14
137
111
125
40
125
244
162
138
28
57
88
161
43
220
58
249
190
88
71
220
14
176
14
132
115
126
137
138
37
91
57
137
176
209
43
55
230
38
37
16
24
149
59
195
140
2
13
199
17
100
43
165
178
80
195
207
3
172
223
68
126
98
91
14
108
235
0
13
192
232
155
57
179
115
74
247
13
18
97
244
162
189
244
112
235
14
91
229
147
252
124
162
1
20
172
254
216
132
214
134
81
196
176
81
154
63
81
72
24
144
81
175
239
104
222
156
75
244
253
133
222
147
39
228
130
64
3
83
136
67
189
157
42
28
154
97
120
199
61
162
46
42
106
194
188
169
177
37
11
3
154
210
50
66
197
204
66
147
43
244
140
1
143
204
165
100
73
225
211
18
58
128
78
254
211
19
181
235
184
211
199
72
248
200
176
227
29
93
57
220
116
114
121
45
155
142
138
151
218
116
24
193
5
27
154
139
245
240
64
165
234
249
6
99
44
187
174
227
244
174
3
21
25
120
147
78
139
77
233
60
17
82
94
248
11
162
229
91
57
91
209
205
192
3
115
71
209
43
229
86
40
172
220
55
232
74
28
58
244
115
155
55
210
176
52
115
175
161
206
85
132
115
71
220
3
172
223
112
52
115
161
37
86
37
138
28
232
150
31
155
55
210
85
135
229
88
172
52
152
150
31
126
189
249
86
247
220
13
247
0
0
14
132
126
108
220
55
14
98
88
175
152
125
17
195
155
223
161
250
195
73
108
235
57
190
88
161
205
205
38
205
17
250
17
43
13
18
91
209
31
162
179
125
244
112
210
176
14
111
161
40
125
206
189
247
13
43
52
155
235
55
13
31
126
189
18
85
135
220
235
0
3
172
229
91
235
209
244
74
247
55
223
150
195
152
126
179
125
206
97
28
0
55
230
37
86
40
126
179
126
98
132
150
18
98
108
232
126
91
57
135
220
229
108
235
220
210
176
230
206
179
152
68
152
126
111
152
155
57
135
57
189
249
111
125
40
175
162
108
230
28
209
31
73
88
161
249
135
3
172
235
3
112
52
115
162
111
161
28
210
85
132
149
176
55
0
209
244
150
17
37
111
112
58
250
206
189
43
210
98
97
38
38
206
85
135
209
38
192
14
179
68
115
175
73
108
223
126
135
230
28
210
135
232
150
31
126
91
3
115
68
125
244
150
37
108
0
210
97
205
19
230
144
23
39
182
5
142
164
71
158
147
144
224
113
190
26
202
162
6
230
250
31
112
3
73
189
249
98
138
192
52
172
230
17
247
55
57
111
150
31
126
111
112
230
192
57
179
162
86
195
161
43
209
17
205
192
58
121
168
19
202
129
30
224
248
84
102
180
17
220
132
255
157
147
221
42
211
188
240
233
171
181
214
202
93
44
224
145
226
35
76
76
22
62
116
225
189
3
50
38
127
79
103
77
252
101
168
213
111
107
51
55
134
101
101
119
252
222
164
28
234
67
61
126
71
101
118
123
96
114
160
109
103
236
106
55
187
253
187
168
68
139
0
88
58
231
70
255
169
252
33
167
36
98
158
79
5
143
138
228
214
73
39
24
208
3
192
156
71
121
158
251
127
182
19
142
208
130
21
209
28
3
126
91
209
28
3
115
150
38
192
229
108
52
71
58
250
18
135
3
115
152
155
220
55
229
85
111
152
175
126
88
152
125
17
40
126
98
91
229
176
230
31
161
18
98
132
152
74
43
209
244
152
125
43
230
192
223
115
150
205
205
206
135
235
55
235
3
74
206
86
249
135
230
195
162
88
112
14
190
189
205
250
249
85
135
229
138
249
135
232
149
91
58
244
161
28
232
68
74
37
138
18
190
190
190
137
108
58
250
244
74
244
73
137
85
91
232
150
17
247
3
155
230
17
247
14
190
88
73
86
247
57
138
244
73
138
249
98
138
192
57
189
17
192
58
40
74
249
86
43
58
17
206
137
98
98
85
88
162
98
97
28
55
55
220
210
176
0
52
172
14
97
38
249
135
58
37
85
97
31
149
91
13
195
161
249
189
247
58
205
31
150
247
229
176
52
172
229
108
209
38
247
232
74
247
223
125
249
179
172
232
112
0
14
91
0
223
155
55
57
137
111
175
150
37
98
137
85
98
138
195
126
108
230
40
112
220
13
195
68
55
72
223
205
185
6
182
146
212
75
184
19
91
47
97
84
115
7
154
116
173
188
221
1
31
108
4
24
176
56
152
12
121
89
6
228
8
44
137
244
46
99
164
109
201
189
10
78
103
179
137
170
65
53
240
175
55
220
232
149
91
232
162
111
112
58
18
138
31
125
40
71
55
210
98
108
3
126
132
162
189
37
138
195
68
71
57
190
176
57
111
161
249
135
209
40
162
91
232
152
112
3
115
149
138
43
0
55
3
172
210
176
14
108
223
172
0
235
57
111
68
175
112
58
38
247
0
220
13
43
220
223
149
135
13
38
250
206
97
247
58
40
155
223
162
88
112
209
247
230
250
249
98
190
108
223
161
17
247
3
126
132
149
176
209
37
